attach,WASMUZLFWLZDGHQNBNMQIMTERNHDMOFTAJYB9NWBEXOAUSLPOZOGIXZUEZF9LDPLXXMUBKEKKYYSXZIRY
1570987451386,1570987484979,1570987495437,0,http://117.102.178.100:14265
1570987482818,1570987495341,1570987506994,1,http://iota-fn01.sairai.de:14265
1570987512985,1570987538962,1570987546039,2,http://iota-fn01.sairai.de:14265
1570987636738,1570987657504,1570987661722,3,http://iota-fn01.sairai.de:14265
1570987699863,1570987722053,1570987725859,4,http://iota-fn01.sairai.de:14265
1570987731135,1570987758314,1570987759271,5,http://iota-fn01.sairai.de:14265
1570987793767,1570987800718,1570987807654,6,http://iota-fn01.sairai.de:14265
1570987883417,1570987892934,1570987897554,7,http://iota-fn01.sairai.de:14265
1570987949946,1570987976355,1570987978468,8,http://iota-fn01.sairai.de:14265
1570988012120,1570988016876,1570988018843,9,http://iota-fn01.sairai.de:14265
1570988106197,1570988155417,1570988155821,10,http://iota-fn01.sairai.de:14265
1570988199104,1570988212736,1570988226220,11,http://iota-fn01.sairai.de:14265
1570988231277,1570988243372,1570988248589,12,http://iota-fn01.sairai.de:14265
1570988325696,1570988342800,1570988346301,13,http://iota-fn01.sairai.de:14265
1570988388836,1570988389967,1570988391326,14,http://iota-fn01.sairai.de:14265
1570988421051,1570988439178,1570988439925,15,http://iota-fn01.sairai.de:14265
1570988515168,1570988536623,1570988538049,16,http://iota-fn01.sairai.de:14265
1570988578392,1570988617986,1570988618276,17,http://iota-fn01.sairai.de:14265
1570988641503,1570988659478,1570988661793,18,http://iota-fn01.sairai.de:14265
1570988704630,1570988744726,1570988753861,19,http://iota-fn01.sairai.de:14265
1570988767034,1570988797671,1570988807012,20,http://iota-fn01.sairai.de:14265
1570988832091,1570988851825,1570988866289,21,http://iota-fn01.sairai.de:14265
1570988861090,1570988920021,1570988938421,22,http://117.102.178.100:14265
1570988956376,1570988965907,1570988970317,23,http://117.102.178.100:14265
1570989018604,1570989059528,1570989066460,24,http://117.102.178.100:14265
1570989049851,1570989061543,1570989071453,25,http://iota-fn01.sairai.de:14265
1570989143799,1570989175316,1570989176572,26,http://iota-fn01.sairai.de:14265
1570989205669,1570989213136,1570989214232,27,http://iota-fn01.sairai.de:14265
1570989263338,1570989288131,1570989290695,28,http://iota-fn01.sairai.de:14265
1570989331753,1570989367514,1570989372392,29,http://iota-fn01.sairai.de:14265
1570989363987,1570989403258,1570989408932,30,http://117.102.178.100:14265
1570989423481,1570989450667,1570989461863,31,http://117.102.178.100:14265
1570989519384,1570989548124,1570989558166,32,http://117.102.178.100:14265
1570989581434,1570989597869,1570989601410,33,http://117.102.178.100:14265
1570989643912,1570989656041,1570989661995,34,http://117.102.178.100:14265
1570989675395,1570989728346,1570989734678,35,http://117.102.178.100:14265
1570989763831,1570989782479,1570989790191,36,http://117.102.178.100:14265
1570989822455,1570989829149,1570989838625,37,http://117.102.178.100:14265
1570989848847,1570989860599,1570989876654,38,http://117.102.178.100:14265
1570989957165,1570989965902,1570989967705,39,http://117.102.178.100:14265
1570990050725,1570990058540,1570990059684,41,http://iota-fn01.sairai.de:14265
1570990007424,1570990093701,1570990097684,40,http://117.102.178.100:14265
1570990143775,1570990165950,1570990171725,42,http://iota-fn01.sairai.de:14265
1570990205475,1570990217390,1570990218365,43,http://iota-fn01.sairai.de:14265
1570990267712,1570990299769,1570990300405,44,http://iota-fn01.sairai.de:14265
